Index Iocorum.

sat. I. p. 8sq. vv. 31 p. 24 33193 p.· 62
vv. 33 33. 11 49 20 sat. XII. 85, 90
43 120 18 4333. 24
44 · 138 11 93 11
55 sat. VI. 35-45 sat. XIII. 10-14
63 ” 5833. 10 3233. 15
61 151 26 s 38 19
93 429 22 81 86
136 19 539 85 102 85
sat. II. 32 sq. 90 542 11 120 5
3033. 81 618 80 135 68
39 28 33. sat. VII. 15 33. 14 ,183 8
65 29 129 33. 21 sat. XIV. 9-20
111 84 184 19 4633. 26
149 82 181 14 86 30
331111. 31 sq. 90 sat.V111. 64-10 96 18

4233. 11 18333. 63 260

86 15 sat. IX. 33 308 4
118 11 sat. X. 46-64 321 3
152 68 28 sq. 5 sat„ XV.

250 20 204 34 1333. 83
265 82 313 81 50 29
218 23 346 86 131 58
sat. IV. 90, 94, 103 sat. XI. 11. 20-25. 90 143 86
1833. 11 2333. 16 149 11
331. V. 13 sq. 90 21 4 111 103

133. 11 49 69 sat. XVI. 103
26 22 145 28

 

